m 0.8 0.8 0.8 0.3 0.6 0.9 0.8 0.8 0.8 10

// kocka
// sprednja ploskev

v 0.0 0.0 1.0 0.0 0.0 1.0
v 1.0 0.0 1.0 0.0 0.0 1.0
v 1.0 1.0 1.0 0.0 0.0 1.0
v 0.0 1.0 1.0 0.0 0.0 1.0

// zadnja ploskev

v 0.0 0.0 0.0 0.0 0.0 -1.0
v 0.0 1.0 0.0 0.0 0.0 -1.0
v 1.0 1.0 0.0 0.0 0.0 -1.0
v 1.0 0.0 0.0 0.0 0.0 -1.0

// leva ploskev

v 0.0 0.0 0.0 -1.0 0.0 0.0
v 0.0 0.0 1.0 -1.0 0.0 0.0
v 0.0 1.0 1.0 -1.0 0.0 0.0
v 0.0 1.0 0.0 -1.0 0.0 0.0

// desna ploskev

v 1.0 0.0 0.0 1.0 0.0 0.0
v 1.0 1.0 0.0 1.0 0.0 0.0
v 1.0 1.0 1.0 1.0 0.0 0.0
v 1.0 0.0 1.0 1.0 0.0 0.0

// spodnja ploskev

v 0.0 0.0 0.0 0.0 -1.0 0.0
v 1.0 0.0 0.0 0.0 -1.0 0.0
v 1.0 0.0 1.0 0.0 -1.0 0.0
v 0.0 0.0 1.0 0.0 -1.0 0.0

 

// zgornja ploskev

v 0.0 1.0 0.0 0.0 1.0 0.0
v 0.0 1.0 1.0 0.0 1.0 0.0
v 1.0 1.0 1.0 0.0 1.0 0.0
v 1.0 1.0 0.0 0.0 1.0 0.0

// ploskve

f 1 2 3
f 1 3 4

f 5 6 7
f 5 7 8

f 9 10 11
f 9 11 12

f 13 14 15
f 13 15 16

f 17 18 19
f 17 19 20

f 21 22 23
f 21 23 24

// luči

l 5.0 5.0 5.0 1.0 0.9 0.6
l -5.0 5.0 5.0 0.7 1.0 1.0